   n  theta           pt              detG             Re(A55)         Im(A55)
   1  0.15550884D+01  0.44993591D+00  0.40488465D+00 -0.32645975D+08 -0.16105414D+08
   2  0.15393804D+01  0.44976938D+00  0.40458500D+00 -0.32668985D+08 -0.16116780D+08
   3  0.15236724D+01  0.44949188D+00  0.40408590D+00 -0.32708189D+08 -0.16136130D+08
   4  0.15079645D+01  0.44910347D+00  0.40338786D+00 -0.32763665D+08 -0.16163504D+08
   5  0.14922565D+01  0.44860425D+00  0.40249156D+00 -0.32835523D+08 -0.16198955D+08
   6  0.14765485D+01  0.44799435D+00  0.40139788D+00 -0.32923907D+08 -0.16242554D+08
   7  0.14608406D+01  0.44727391D+00  0.40010790D+00 -0.33028993D+08 -0.16294388D+08
   8  0.14451326D+01  0.44644311D+00  0.39862290D+00 -0.33150992D+08 -0.16354563D+08
   9  0.14294247D+01  0.44550216D+00  0.39694435D+00 -0.33290152D+08 -0.16423198D+08
  10  0.14137167D+01  0.44445129D+00  0.39507389D+00 -0.33446753D+08 -0.16500433D+08
  11  0.13980087D+01  0.44329075D+00  0.39301338D+00 -0.33621118D+08 -0.16586426D+08
  12  0.13823008D+01  0.44202084D+00  0.39076485D+00 -0.33813604D+08 -0.16681354D+08
  13  0.13665928D+01  0.44064187D+00  0.38833052D+00 -0.34024612D+08 -0.16785415D+08
  14  0.13508848D+01  0.43915418D+00  0.38571278D+00 -0.34254583D+08 -0.16898825D+08
  15  0.13351769D+01  0.43755813D+00  0.38291423D+00 -0.34504005D+08 -0.17021825D+08
  16  0.13194689D+01  0.43585412D+00  0.37993763D+00 -0.34773409D+08 -0.17154678D+08
  17  0.13037610D+01  0.43404257D+00  0.37678591D+00 -0.35063378D+08 -0.17297669D+08
  18  0.12880530D+01  0.43212393D+00  0.37346218D+00 -0.35374546D+08 -0.17451112D+08
  19  0.12723450D+01  0.43009866D+00  0.36996972D+00 -0.35707601D+08 -0.17615346D+08
  20  0.12566371D+01  0.42796728D+00  0.36631199D+00 -0.36063291D+08 -0.17790738D+08
  21  0.12409291D+01  0.42573030D+00  0.36249258D+00 -0.36442423D+08 -0.17977688D+08
  22  0.12252211D+01  0.42338828D+00  0.35851527D+00 -0.36845872D+08 -0.18176626D+08
  23  0.12095132D+01  0.42094180D+00  0.35438399D+00 -0.37274584D+08 -0.18388019D+08
  24  0.11938052D+01  0.41839145D+00  0.35010281D+00 -0.37729579D+08 -0.18612368D+08
  25  0.11780972D+01  0.41573787D+00  0.34567595D+00 -0.38211959D+08 -0.18850218D+08
  26  0.11623893D+01  0.41298171D+00  0.34110779D+00 -0.38722912D+08 -0.19102153D+08
  27  0.11466813D+01  0.41012366D+00  0.33640284D+00 -0.39263720D+08 -0.19368804D+08
  28  0.11309734D+01  0.40716442D+00  0.33156573D+00 -0.39835764D+08 -0.19650854D+08
  29  0.11152654D+01  0.40410471D+00  0.32660124D+00 -0.40440538D+08 -0.19949037D+08
  30  0.10995574D+01  0.40094530D+00  0.32151426D+00 -0.41079649D+08 -0.20264146D+08
  31  0.10838495D+01  0.39768696D+00  0.31630983D+00 -0.41754834D+08 -0.20597036D+08
  32  0.10681415D+01  0.39433049D+00  0.31099308D+00 -0.42467969D+08 -0.20948631D+08
  33  0.10524335D+01  0.39087674D+00  0.30556925D+00 -0.43221078D+08 -0.21319930D+08
  34  0.10367256D+01  0.38732653D+00  0.30004369D+00 -0.44016351D+08 -0.21712010D+08
  35  0.10210176D+01  0.38368077D+00  0.29442186D+00 -0.44856156D+08 -0.22126039D+08
  36  0.10053096D+01  0.37994033D+00  0.28870931D+00 -0.45743056D+08 -0.22563279D+08
  37  0.98960169D+00  0.37610615D+00  0.28291167D+00 -0.46679826D+08 -0.23025097D+08
  38  0.97389372D+00  0.37217917D+00  0.27703467D+00 -0.47669478D+08 -0.23512977D+08
  39  0.95818576D+00  0.36816036D+00  0.27108410D+00 -0.48715279D+08 -0.24028527D+08
  40  0.94247780D+00  0.36405071D+00  0.26506584D+00 -0.49820776D+08 -0.24573497D+08
  41  0.92676983D+00  0.35985124D+00  0.25898583D+00 -0.50989831D+08 -0.25149788D+08
  42  0.91106187D+00  0.35556298D+00  0.25285007D+00 -0.52226646D+08 -0.25759469D+08
  43  0.89535391D+00  0.35118699D+00  0.24666461D+00 -0.53535804D+08 -0.26404798D+08
  44  0.87964594D+00  0.34672435D+00  0.24043556D+00 -0.54922306D+08 -0.27088239D+08
  45  0.86393798D+00  0.34217617D+00  0.23416906D+00 -0.56391619D+08 -0.27812484D+08
  46  0.84823002D+00  0.33754355D+00  0.22787130D+00 -0.57949730D+08 -0.28580481D+08
  47  0.83252205D+00  0.33282765D+00  0.22154849D+00 -0.59603198D+08 -0.29395462D+08
  48  0.81681409D+00  0.32802963D+00  0.21520688D+00 -0.61359229D+08 -0.30260974D+08
  49  0.80110613D+00  0.32315068D+00  0.20885272D+00 -0.63225748D+08 -0.31180921D+08
  50  0.78539816D+00  0.31819199D+00  0.20249229D+00 -0.65211486D+08 -0.32159602D+08
  51  0.76969020D+00  0.31315479D+00  0.19613185D+00 -0.67326078D+08 -0.33201762D+08
  52  0.75398224D+00  0.30804033D+00  0.18977769D+00 -0.69580184D+08 -0.34312650D+08
  53  0.73827427D+00  0.30284986D+00  0.18343608D+00 -0.71985610D+08 -0.35498080D+08
  54  0.72256631D+00  0.29758467D+00  0.17711327D+00 -0.74555471D+08 -0.36764508D+08
  55  0.70685835D+00  0.29224605D+00  0.17081551D+00 -0.77304356D+08 -0.38119119D+08
  56  0.69115038D+00  0.28683533D+00  0.16454901D+00 -0.80248539D+08 -0.39569924D+08
  57  0.67544242D+00  0.28135384D+00  0.15831996D+00 -0.83406214D+08 -0.41125881D+08
  58  0.65973446D+00  0.27580292D+00  0.15213450D+00 -0.86797771D+08 -0.42797029D+08
  59  0.64402649D+00  0.27018395D+00  0.14599874D+00 -0.90446123D+08 -0.44594646D+08
  60  0.62831853D+00  0.26449833D+00  0.13991873D+00 -0.94377090D+08 -0.46531444D+08
  61  0.61261057D+00  0.25874743D+00  0.13390047D+00 -0.98619847D+08 -0.48621785D+08
  62  0.59690260D+00  0.25293270D+00  0.12794990D+00 -0.10320747D+09 -0.50881947D+08
  63  0.58119464D+00  0.24705556D+00  0.12207290D+00 -0.10817756D+09 -0.53330441D+08
  64  0.56548668D+00  0.24111746D+00  0.11627526D+00 -0.11357303D+09 -0.55988387D+08
  65  0.54977871D+00  0.23511988D+00  0.11056271D+00 -0.11944300D+09 -0.58879966D+08
  66  0.53407075D+00  0.22906427D+00  0.10494088D+00 -0.12584396D+09 -0.62032970D+08
  67  0.51836279D+00  0.22295215D+00  0.99415326D-01 -0.13284106D+09 -0.65479467D+08
  68  0.50265482D+00  0.21678502D+00  0.93991493D-01 -0.14050981D+09 -0.69256615D+08
  69  0.48694686D+00  0.21056441D+00  0.88674738D-01 -0.14893810D+09 -0.73407664D+08
  70  0.47123890D+00  0.20429183D+00  0.83470306D-01 -0.15822872D+09 -0.77983194D+08
  71  0.45553093D+00  0.19796886D+00  0.78383335D-01 -0.16850248D+09 -0.83042656D+08
  72  0.43982297D+00  0.19159703D+00  0.73418845D-01 -0.17990219D+09 -0.88656308D+08
  73  0.42411501D+00  0.18517793D+00  0.68581734D-01 -0.19259757D+09 -0.94907662D+08
  74  0.40840704D+00  0.17871315D+00  0.63876778D-01 -0.20679163D+09 -0.10189660D+09
  75  0.39269908D+00  0.17220426D+00  0.59308617D-01 -0.22272879D+09 -0.10974336D+09
  76  0.37699112D+00  0.16565289D+00  0.54881762D-01 -0.24070548D+09 -0.11859379D+09
  77  0.36128316D+00  0.15906065D+00  0.50600581D-01 -0.26108395D+09 -0.12862609D+09
  78  0.34557519D+00  0.15242916D+00  0.46469298D-01 -0.28431066D+09 -0.14005990D+09
  79  0.32986723D+00  0.14576006D+00  0.42491991D-01 -0.31094092D+09 -0.15316838D+09
  80  0.31415927D+00  0.13905500D+00  0.38672585D-01 -0.34167229D+09 -0.16829467D+09
  81  0.29845130D+00  0.13231563D+00  0.35014850D-01 -0.37739072D+09 -0.18587457D+09
  82  0.28274334D+00  0.12554361D+00  0.31522394D-01 -0.41923504D+09 -0.20646828D+09
  83  0.26703538D+00  0.11874061D+00  0.28198665D-01 -0.46868877D+09 -0.23080553D+09
  84  0.25132741D+00  0.11190832D+00  0.25046943D-01 -0.52771335D+09 -0.25985114D+09
  85  0.23561945D+00  0.10504841D+00  0.22070338D-01 -0.59894545D+09 -0.29490213D+09
  86  0.21991149D+00  0.98162589D-01  0.19271788D-01 -0.68599647D+09 -0.33773501D+09
  87  0.20420352D+00  0.91252545D-01  0.16654054D-01 -0.79391911D+09 -0.39083543D+09
  88  0.18849556D+00  0.84319985D-01  0.14219720D-01 -0.92995694D+09 -0.45776714D+09
  89  0.17278760D+00  0.77366621D-01  0.11971188D-01 -0.11047916D+10 -0.54378592D+09
  90  0.15707963D+00  0.70394168D-01  0.99106779D-02 -0.13347044D+10 -0.65690407D+09
  91  0.14137167D+00  0.63404347D-01  0.80402223D-02 -0.16455061D+10 -0.80982662D+09
  92  0.12566371D+00  0.56398881D-01  0.63616675D-02 -0.20801068D+10 -0.10236828D+10
  93  0.10995574D+00  0.49379499D-01  0.48766699D-02 -0.27141543D+10 -0.13357414D+10
  94  0.94247780D-01  0.42347934D-01  0.35866951D-02 -0.36913086D+10 -0.18168362D+10
  95  0.78539816D-01  0.35305921D-01  0.24930161D-02 -0.53123614D+10 -0.26154754D+10
  96  0.62831853D-01  0.28255196D-01  0.15967122D-02 -0.82976254D+10 -0.40881458D+10
  97  0.47123890D-01  0.21197499D-01  0.89866793D-03 -0.14750054D+11 -0.72806630D+10
  98  0.31415927D-01  0.14134572D-01  0.39957227D-03 -0.33193569D+11 -0.16484636D+11
  99  0.15707963D-01  0.70681582D-02  0.99917719D-04 -0.13253013D+12 -0.68282557D+11
